ROI, Median Gray Value, Area
1,1.78,1798
2,0.4,2734
3,0.63,2256
4,0.0,3794
5,0.98,2241
6,0.55,2460
7,0.47,2219
8,1.42,4410
9,0.97,2546
10,0.02,3608
11,0.46,1214
12,0.61,2613
13,0.21,2598
14,0.72,4181
15,1.16,5556
16,1.06,5575
17,0.53,2047
18,1.07,4104
19,0.68,1319
20,0.45,1843
21,0.57,2259
22,0.32,2796
23,0.87,4074
24,0.14,2580
25,1.06,2492
26,-0.14,1942
27,0.5,3628
28,0.87,3838
29,1.01,1609
30,1.83,2396
31,1.13,4666
32,1.7,6133
33,1.32,4115
34,1.03,3164
35,0.66,4544
36,0.49,1303
37,1.22,1212
38,0.61,4969
39,1.9,2578
40,1.77,2077
41,0.5,5990
42,1.68,1719
43,0.46,4752
44,0.54,4064
45,0.1,3737
46,0.71,6100
47,0.1,2245
48,1.05,1975
49,0.1,1338
50,0.09,3168
51,2.01,803
52,2.44,703
53,3.51,398
54,3.07,459
55,2.36,457
56,2.57,444
57,2.18,1361
58,2.95,732
59,1.66,263
60,1.08,219
61,-1.39,212
62,-1.85,260
63,0.69,996
64,-1.07,1152
65,-2.41,677
66,-3.3,332
