ROI, Median Gray Value, Area
1,1.57,915
2,1.98,1153
3,0.67,1001
4,0.87,961
5,0.56,760
6,0.11,1166
7,0.85,271
8,0.0,1069
9,0.41,670
10,0.6,683
11,0.0,1357
12,-0.15,655
13,0.0,988
14,0.89,1737
15,0.08,1739
16,1.16,1354
17,0.18,750
18,0.78,1324
19,1.58,1669
20,1.14,1030
21,0.43,928
22,1.74,1026
23,1.27,1036
24,1.96,399
25,-0.42,1014
26,0.0,1451
27,1.49,397
28,0.19,635
29,0.78,544
30,0.49,979
31,0.23,698
32,0.72,598
33,0.22,525
34,-0.05,1401
35,0.34,1179
36,0.75,726
37,0.19,359
38,0.83,905
39,0.94,541
40,0.33,1015
41,0.41,658
42,0.62,509
43,1.19,1101
44,1.2,702
45,0.22,896
46,0.4,613
47,0.94,835
48,0.57,1080
49,2.1,854
50,1.25,1142
51,1.07,848
52,1.06,631
53,1.34,550
54,1.1,1770
55,0.64,1525
56,1.49,1014
57,0.95,927
58,1.13,1103
59,0.82,738
60,-0.03,374
61,0.66,1120
62,0.95,895
63,1.46,1255
64,-0.02,640
65,0.9,1182
66,0.64,569
67,0.92,1588
68,1.3,966
69,0.51,711
70,0.39,724
71,0.48,1000
72,-0.21,968
73,1.83,858
74,1.03,1683
75,1.12,513
76,-0.43,622
77,0.65,541
78,-0.25,457
79,0.59,724
80,0.07,1454
81,0.47,2190
82,0.89,1804
83,0.94,1175
84,1.34,739
85,1.6,656
86,1.15,1278
87,1.21,1489
88,1.01,1548
89,2.3,1615
90,1.18,1640
91,1.82,1297
92,2.21,1254
93,0.76,2159
94,1.41,599
95,1.4,817
96,0.52,991
97,1.07,942
98,1.45,480
99,1.08,863
100,1.26,1295
101,0.94,1066
102,1.12,1466
103,0.23,1321
104,0.76,2499
105,0.31,1383
106,0.6,1334
107,1.09,981
108,0.6,765
109,-0.14,677
110,1.33,459
111,-0.04,337
112,2.24,1092
113,0.56,2767
114,1.8,1485
115,0.57,939
116,0.85,925
117,1.52,505
118,2.33,1237
119,0.8,722
120,2.22,1172
121,0.21,1122
122,0.64,1351
123,0.49,884
124,0.58,2193
125,1.71,1318
126,0.62,1297
127,-0.05,794
128,0.15,1679
129,-0.0,1523
130,-0.15,946
131,1.03,1517
132,-0.34,1225
133,-0.3,1470
134,1.11,1448
135,0.32,2144
136,0.46,1322
137,0.9,850
138,0.02,1428
139,0.24,983
140,1.19,1099
141,1.45,942
142,1.87,1094
143,0.02,539
144,-0.14,427
145,0.26,669
146,0.12,1218
147,0.44,571
148,0.47,854
149,1.16,528
150,0.13,1233
151,2.01,803
152,2.44,703
153,3.51,398
154,3.07,459
155,2.36,457
156,2.57,444
157,2.18,1361
158,2.95,732
159,1.66,263
160,1.08,219
161,-1.39,212
162,-1.85,260
163,0.69,996
164,-1.07,1152
165,-2.41,677
166,-3.3,332
