ROI, Median Gray Value, Area
1,-0.43,915
2,-0.42,1153
3,0.53,1001
4,-0.84,961
5,-0.42,760
6,-0.03,1166
7,0.78,271
8,0.0,1069
9,-1.29,670
10,-1.17,683
11,0.0,1357
12,0.25,655
13,0.12,988
14,0.67,1737
15,0.48,1739
16,0.49,1354
17,1.22,750
18,0.0,1324
19,1.04,1669
20,1.49,1030
21,0.18,928
22,0.17,1026
23,0.81,1036
24,-0.16,399
25,-0.19,1014
26,-0.11,1451
27,0.3,397
28,0.47,635
29,-0.48,544
30,-0.48,979
31,-0.33,698
32,0.07,598
33,-0.18,525
34,-0.16,1401
35,-0.29,1179
36,-0.19,726
37,0.54,359
38,-0.09,905
39,0.27,541
40,0.77,1015
41,0.67,658
42,-0.56,509
43,0.4,1101
44,0.39,702
45,0.51,896
46,-0.29,613
47,0.02,835
48,0.19,1080
49,-0.38,854
50,0.67,1142
51,0.47,848
52,0.41,631
53,0.57,550
54,-0.05,1770
55,-0.47,1525
56,-0.63,1014
57,0.01,927
58,-0.37,1103
59,-0.67,738
60,0.1,374
61,-0.21,1120
62,0.02,895
63,-0.58,1255
64,-0.43,640
65,-0.14,1182
66,1.09,569
67,1.29,1588
68,0.08,966
69,1.06,711
70,-0.61,724
71,-0.13,1000
72,-0.03,968
73,-0.31,858
74,0.11,1683
75,1.09,513
76,1.25,622
77,0.94,541
78,0.45,457
79,0.06,724
80,-0.22,1454
81,0.9,2190
82,-0.66,1804
83,-1.09,1175
84,0.21,739
85,0.57,656
86,0.43,1278
87,0.15,1489
88,0.32,1548
89,0.37,1615
90,0.85,1640
91,0.42,1297
92,-0.16,1254
93,-0.2,2159
94,-0.31,599
95,0.22,817
96,-0.81,991
97,-0.28,942
98,-1.15,480
99,-0.56,863
100,0.31,1295
101,0.57,1066
102,0.78,1466
103,1.28,1321
104,0.76,2499
105,0.44,1383
106,0.05,1334
107,-0.09,981
108,-0.44,765
109,0.01,677
110,-0.7,459
111,-0.47,337
112,0.64,1092
113,0.16,2767
114,0.51,1485
115,0.26,939
116,-0.08,925
117,-1.23,505
118,-0.13,1237
119,-0.05,722
120,-0.0,1172
121,-0.35,1122
122,-0.84,1351
123,-1.02,884
124,-0.82,2193
125,0.4,1318
126,0.84,1297
127,0.74,794
128,0.64,1679
129,0.87,1523
130,0.84,946
131,-0.04,1517
132,1.22,1225
133,1.09,1470
134,-0.27,1448
135,0.25,2144
136,0.93,1322
137,0.89,850
138,0.77,1428
139,0.52,983
140,1.07,1099
141,0.84,942
142,0.4,1094
143,0.68,539
144,0.66,427
145,0.27,669
146,0.74,1218
147,0.01,571
148,-0.06,854
149,0.1,528
150,0.35,1233
151,0.65,803
152,0.25,703
153,1.56,398
154,0.98,459
155,-0.09,457
156,-0.49,444
157,-0.31,1361
158,0.36,732
159,-0.19,263
160,-0.4,219
161,-1.99,212
162,-0.61,260
163,-0.5,996
164,-0.26,1152
165,0.71,677
166,0.67,332
