ROI, Median Gray Value, Area
1,0.51,1798
2,0.02,2734
3,0.91,2256
4,0.0,3794
5,-0.9,2241
6,-0.01,2460
7,0.15,2219
8,0.06,4410
9,0.33,2546
10,-0.76,3608
11,-0.72,1214
12,-0.36,2613
13,-0.05,2598
14,0.65,4181
15,0.37,5556
16,0.42,5575
17,0.45,2047
18,0.0,4104
19,0.65,1319
20,1.12,1843
21,0.94,2259
22,-0.08,2796
23,0.3,4074
24,0.21,2580
25,0.39,2492
26,0.21,1942
27,-0.31,3628
28,0.92,3838
29,0.91,1609
30,0.09,2396
31,0.61,4666
32,0.71,6133
33,1.37,4115
34,0.93,3164
35,-0.14,4544
36,1.13,1303
37,-0.2,1212
38,0.86,4969
39,1.04,2578
40,0.93,2077
41,0.8,5990
42,-0.11,1719
43,-0.6,4752
44,0.84,4064
45,0.18,3737
46,-0.44,6100
47,0.69,2245
48,-0.36,1975
49,0.85,1338
50,1.02,3168
51,1.62,803
52,1.2,703
53,2.17,398
54,0.85,459
55,0.57,457
56,-0.26,444
57,-0.14,1361
58,0.95,732
59,1.34,263
60,1.48,219
61,-1.28,212
62,-2.11,260
63,-1.19,996
64,-1.7,1152
65,-1.06,677
66,-0.77,332
