ROI, Median Gray Value, Area
1,1.27,1798
2,0.01,2734
3,0.05,2256
4,-0.61,3794
5,-1.04,2241
6,-0.26,2460
7,0.0,2219
8,0.25,4410
9,0.15,2546
10,0.22,3608
11,1.37,1214
12,0.32,2613
13,0.58,2598
14,0.55,4181
15,0.64,5556
16,0.78,5575
17,0.11,2047
18,0.46,4104
19,0.25,1319
20,0.07,1843
21,0.87,2259
22,-0.21,2796
23,0.3,4074
24,-0.07,2580
25,-0.1,2492
26,-0.0,1942
27,0.58,3628
28,0.36,3838
29,1.22,1609
30,0.93,2396
31,0.61,4666
32,1.7,6133
33,1.13,4115
34,0.96,3164
35,0.33,4544
36,0.4,1303
37,0.63,1212
38,0.3,4969
39,0.95,2578
40,1.27,2077
41,0.05,5990
42,0.49,1719
43,-0.51,4752
44,0.93,4064
45,0.19,3737
46,0.25,6100
47,0.52,2245
48,0.8,1975
49,-0.15,1338
50,-0.04,3168
51,2.19,803
52,1.2,703
53,3.47,398
54,2.75,459
55,1.31,457
56,1.81,444
57,1.39,1361
58,2.02,732
59,0.99,263
60,-0.36,219
61,-0.72,212
62,-2.07,260
63,-1.02,996
64,-1.77,1152
65,-1.24,677
66,-1.49,332
