ROI, Median Gray Value, Area
1,-0.21,1798
2,0.03,2734
3,-1.05,2256
4,0.04,3794
5,0.61,2241
6,0.62,2460
7,0.0,2219
8,0.45,4410
9,0.84,2546
10,-0.18,3608
11,0.31,1214
12,-0.2,2613
13,-0.12,2598
14,0.38,4181
15,0.15,5556
16,-0.29,5575
17,-0.47,2047
18,-0.47,4104
19,-0.2,1319
20,0.13,1843
21,0.33,2259
22,0.28,2796
23,0.72,4074
24,-0.18,2580
25,0.13,2492
26,0.89,1942
27,0.6,3628
28,-0.41,3838
29,-0.92,1609
30,0.46,2396
31,0.37,4666
32,0.08,6133
33,0.6,4115
34,-0.39,3164
35,0.57,4544
36,-0.21,1303
37,-0.51,1212
38,0.07,4969
39,-0.22,2578
40,-0.28,2077
41,-0.73,5990
42,0.47,1719
43,0.86,4752
44,0.58,4064
45,0.81,3737
46,0.72,6100
47,0.58,2245
48,0.96,1975
49,0.39,1338
50,0.49,3168
51,0.65,803
52,0.25,703
53,1.56,398
54,0.98,459
55,-0.09,457
56,-0.49,444
57,-0.31,1361
58,0.36,732
59,-0.19,263
60,-0.4,219
61,-1.99,212
62,-0.61,260
63,-0.5,996
64,-0.26,1152
65,0.71,677
66,0.67,332
